Points from ImageA:

[209, 28; 394, 19; 401, 297; 221, 302]

Points from ImageB:

[204, 5; 389, 34; 337, 304; 162, 274]

Matrix A:

[209, -28, 1, 0;
  28, 209, 0, 1;
  394, -19, 1, 0;
  19, 394, 0, 1;
  401, -297, 1, 0;
  297, 401, 0, 1;
  221, -302, 1, 0;
  302, 221, 0, 1]

Matrix B:

[204; 5; 389; 34; 337; 304; 162; 274]

Pseudo inverse Matrix :

[-0.0008870605458728875, -0.001217712934437332, 0.0008004068164559996, -0.001299805941253332, 0.0008642569328684438, 0.001235955824840888, -0.0007776032034515542, 0.001281563050849777;
  0.001217712934437332, -0.0008870605458728875, 0.001299805941253332, 0.0008004068164559996, -0.001235955824840888, 0.0008642569328684438, -0.001281563050849777, -0.0007776032034515542;
  0.718322931085201, 0.2296643080129615, 0.2147940719727632, 0.5273312703664768, -0.2142855514027642, -0.2389339766992681, 0.2811685483447997, -0.51806160168017;
  -0.2296643080129615, 0.718322931085201, -0.5273312703664768, 0.2147940719727632, 0.2389339766992681, -0.2142855514027642, 0.51806160168017, 0.2811685483447997]

Matrix X:

[0.9722776476704973; 0.2023569814401394; 7.920622903492841; -64.74466566482798]

tx :7.92062

ty :-64.7447

theta :0.236014

 Final transformation matrix :

[0.97227764, -0.23382939, 7.9206228;
  0.23382939, 0.97227764, -64.744667;
  0, 0, 1]

